 5  2  0 
 9  2  0 
 13  2  0 
 17  2  0 
 21  2  0 
 25  2  0 
 29  2  0 
 33  2  0 
 37  2  0 
 41  2  0 
 45  2  0 
 49  2  0 
 5  4  0 
 9  4  0 
 13  4  0 
 17  4  0 
 21  4  0 
 25  4  0 
 29  4  0 
 33  4  0 
 37  4  0 
 41  4  0 
 45  4  0 
 49  4  0 
 5  6  0 
 9  6  0 
 13  6  0 
 17  6  0 
 21  6  0 
 25  6  0 
 29  6  0 
 33  6  0 
 37  6  0 
 41  6  0 
 45  6  0 
 49  6  0 
 5  8  0 
 9  8  0 
 13  8  0 
 17  8  0 
 21  8  0 
 25  8  0 
 29  8  0 
 33  8  0 
 37  8  0 
 41  8  0 
 45  8  0 
 49  8  0 
 5  10  0 
 9  10  0 
 13  10  0 
 17  10  0 
 21  10  0 
 25  10  0 
 29  10  0 
 33  10  0 
 37  10  0 
 41  10  0 
 45  10  0 
 49  10  0 
 5  12  -1 
 9  12  -1 
 13  12  -1 
 17  12  0 
 21  12  0 
 25  12  0 
 29  12  0 
 33  12  0 
 37  12  0 
 41  12  0 
 45  12  0 
 49  12  0 
 5  14  1 
 9  14  1 
 13  14  0 
 17  14  0 
 21  14  0 
 25  14  0 
 29  14  0 
 33  14  0 
 37  14  0 
 41  14  0 
 45  14  0 
 49  14  0 
 5  16  1 
 9  16  1 
 13  16  0 
 17  16  0 
 21  16  0 
 25  16  0 
 29  16  0 
 33  16  0 
 37  16  0 
 41  16  0 
 45  16  0 
 49  16  0 
 5  18  -1 
 9  18  0 
 13  18  1 
 17  18  0 
 21  18  0 
 25  18  0 
 29  18  0 
 33  18  0 
 37  18  0 
 41  18  0 
 45  18  0 
 49  18  0 
 5  20  -1 
 9  20  0 
 13  20  0 
 17  20  0 
 21  20  0 
 25  20  0 
 29  20  0 
 33  20  0 
 37  20  0 
 41  20  0 
 45  20  0 
 49  20  0 
 5  22  -1 
 9  22  0 
 13  22  0 
 17  22  0 
 21  22  1 
 25  22  0 
 29  22  0 
 33  22  0 
 37  22  0 
 41  22  0 
 45  22  0 
 49  22  0 
 5  24  0 
 9  24  0 
 13  24  0 
 17  24  0 
 21  24  0 
 25  24  0 
 29  24  0 
 33  24  0 
 37  24  0 
 41  24  0 
 45  24  0 
 49  24  0 

 0  0  0  0  0  1  -1  -1  1  1  1  0  0  0  0  0  0  1  -1  -1  0  0  0  0  0  0  0  0  0  1  0  0  -1  0  0  0  0  0  0  0  0  0  0  0  0  0  0  0  0  0  0  0  0  0  0  0  0  0  -1  0  0  0  0  0  0  0  0  0  0  0  0  0  0  0  0  0  0  0  0  0  0  0  0  0  0  0  0  0  0  0  0  0  0  0  0  0  0  0  0  0  0  0  0  0  0  0  0  0  0  0  0  0  0  0  0  0  0  0  0  0  0  0  0  0  0  0  0  0  0  0  0  0  0  0  0  0  0  0  0  0  0  0  0  0 
1 76 21 20 4 9 6 6 0 0 0 13 10 15 12